"Instantiate in Update() method","Update() method is called each frame. It's inefficient to use Instantiate() in Update() method.","warning","sink of this Instantiate() method is [[""sink""|""relative:///Assets/SteamVR/InteractionSystem/Longbow/Scripts/BalloonSpawner.cs:78:38:78:50""]].","/Assets/SteamVR/InteractionSystem/Longbow/Scripts/BalloonSpawner.cs","65","5","65","25"
"Instantiate in Update() method","Update() method is called each frame. It's inefficient to use Instantiate() in Update() method.","warning","sink of this Instantiate() method is [[""sink""|""relative:///Assets/SteamVR/InteractionSystem/Core/Scripts/SpawnAndAttachAfterControllerIsTracking.cs:63:49:63:71""]].","/Assets/SteamVR/InteractionSystem/Core/Scripts/SpawnAndAttachAfterControllerIsTracking.cs","63","49","63","71"
